acc = 0.9850993377483444
eval_loss = 0.07668019909607737
mcc = 0.9850332597980929
